% Using the following template, please enter the start and end times for
% each epoch in the following directories (I did
% SSR_WFapplied_160224_163055)
%
Events(1).directory = 'SSR_WFapplied_160224_163055';
Events(1).notes = '-1 = baseline control';
Events(1).FqEpochsSec = [-1 0 146; ...
    2857 146.5 210.5; ...
    -1 211 222.5; ...
    2000 223 288;...
    -1 288.5 299;...
    1000 299.3 365.25;...
    -1 365.5 373;...
    500 373.2 438.6;...
    -1 439.0 448;...
    200 448.25 508.5;...
    -1 509.0 519;...
    140 519.5 584;...
    -1 584.7 595.3;...
    100 595.6 660.8;...
    -1 661.4 667.5;...
    80 668.5 733;...
    -1 733.4 740.6;...
    50 741 805.1;...
    -1 805.5 819.1;...
    40 819.4 884.1;...
    -1 884.5 895.5;...
    20 895.8 957.8;...
    -1 958.0 962.6;...
    14 nan nan;... % no 14 hz!!
    -1 nan nan;...
    10  962.8 1028.0;...
    -1 1028.2 1034.2;...
    7 1034.6 1100.2;...
    -1 1100.6 1111.4;...
    5 1111.6 1178.8;...
    -1 1179.0 nan;... % unclear after this!!
    2 nan nan;...
    -1 nan nan;...
    1 nan nan;...
    -1 nan nan];

Events(2).directory = 'Intan_only_160224_115957';
Events(3).directory = 'NoSSR_WFapplied_160224_144858';
Events(4).directory = 'Intan_NewVoltHS_160224_125103';

